-0.050145
 -0.0499903
 0.0877404
 0.0957649
 0.205103
 0.128723
 0.0612468
 0.0267313
 -0.0131113
 -0.0386746
 -0.02727
 -0.0166437
 -0.0942558
 -0.0933118
 -0.0650246
 0.0184687
 0.0874301
 0.0553818
 0.0264998
 0.142613
 -0.0198978
 -0.042498
 -0.0568798
 -0.089674
 -0.0868735
 -0.0860606
 -0.101259
 -0.0631132
 -0.00800213
 0.0361964
 0.118686
 0.174895
 0.180113
 0.153306
 0.0387289
 0.00925051
 0.0120784
 0.0405693
 -0.000907606
 -0.04453
 -0.0338634
 -0.0529173
 -0.0260659
 0.0309157
 0.0850937
 0.131319
 0.0752854
 0.0320495
 -0.00263798
 -0.0255913
 -0.0041739
 -0.12868
 -0.159641
 -0.125254
 -0.0682786
 -0.0462783
 0.024474
 0.0729839
 0.12371
 0.159242
 0.156364
 0.0799213
 0.044618
 0.0474958
 -0.00848052
 0.00518264
 0.0229908
 -0.00982854
 -0.0493203
 -0.0139909
 -0.0265524
 -0.0184534
 0.00416908
 0.0787366
 0.0715487
 -0.0106174
 -0.00186112
 -0.00712912
 -0.0268816
 -0.08655
 -0.101622
 -0.0576537
 -0.0304803
 -0.0745497
 -0.037828
 0.0706623
 0.099281
 0.125392
 0.0954889
 0.0795745
 0.0298838
 -0.0029071
 -0.0298449
 0.0323042
 -0.0191136
 0.0104824
 0.0134326
 -0.0234152
 0.0444669
 0.0817626
 0.0360604
 0.078702
 0.0364886
 0.00191341
 -0.0103127
 -0.012155
 -0.0287967
 -0.0700265
 -0.10331
 -0.0374864
 -0.0626413
 -0.0642373
 -0.0257469
 0.020264
 0.0353173
 0.0415989
 0.0958909
 0.071974
 0.0800411
 0.0424123
 0.0305327
 0.0229232
 -0.0220032
 0.0363182
 -0.0201345
 -0.0206538
 0.012365
 0.0193032

