-0.0113992 -0.00530021 -0.00617674 -0.115101 -0.152535 -0.203707 -0.179848 -0.199323 -0.108821 -0.0589171 0.00218672 0.0272097 0.0769558 0.114432 0.11599 0.0113122 0.0100149 0.0157467 0.0399697 0.0751278 0.00901606 -0.0375115 -0.0620621 -0.084021 0.0508744 0.0842996 -0.0068953 0.0328485 -0.0228869 0.00997652 -0.0385103 -0.00901939 -0.156041 -0.211018 -0.129335 -0.199741 -0.171248 -0.108545 -0.0434478 -0.0102436 0.0125069 0.0374318 0.0683664 0.0696133 0.0217149 0.0487323 -0.0180292 0.000201903 -0.0676173 -0.0816396 -0.0821734 -0.0680931 -0.0485626 0.00334756 0.00898946 -0.0124025 -0.0307367 -0.012855 -0.0123945 -0.0392041 -0.0458973 -0.0252736 -0.0847201 -0.064755 -0.0872659 -0.124876 -0.125598 -0.0427364 -0.0368814 -0.0374406 -0.148818 -0.166272 -0.168772 -0.0423522 -0.107817 -0.0593619 -0.0675426 -0.0854713 -0.0374078 0.041157 0.0285799 -0.00281613 0.0116508 -0.0229672 -0.00291874 0.0315807 -0.0224702 0.00352765 0.0688926 0.124146 0.00264932 0.0196612 -0.0102951 -0.0194942 -0.0200163 -0.0274824 -0.0442368 0.0905063 0.0394024 0.0828703 0.0119634 0.0461818 -0.0230598 0.045385 -0.00754893 -0.019992 0.0082345 0.015239 -0.0268374 -0.00526268 0.0259283 0.0117504 -0.0342975 -0.0346357 -0.0177409 0.0146778 -0.00494596 0.0252242 -0.0175883 0.0179933 0.000340211 -0.0312755 0.022336 0.0134764 0.0541031 0.0455966 -0.0258514 -0.0468737
0.0166514 0.0172536 0.00886479 0.0204178 0.018038 -0.019288 0.000856906 -0.0296555 0.0150327 -0.0235143 0.0110293 0.0344649 -0.000360595 0.0343236 0.0130557 -0.0220436 0.0544686 0.0170276 0.0715392 0.0818525 0.0958801 0.181653 0.074039 0.114561 0.0754245 0.0738417 -0.00450211 -0.00531075 -0.0232782 0.00956042 0.0941759 0.141251 0.13499 0.0904238 0.0935762 0.0537816 0.00437285 0.0168759 -0.00491256 -0.00214708 -0.0152199 -0.0122241 0.0276947 0.0375326 0.00158698 -0.0116854 0.0940125 0.115834 0.174807 0.0852106 0.096738 0.141726 0.103224 0.00276461 0.0391104 0.0711577 -0.0343753 -0.0108822 -0.0168683 -0.0063092 0.0282222 0.0624525 0.0890563 0.0924671 0.0145181 -0.0202725 -0.0348109 -0.00931334 0.00692061 -0.0337613 -0.076109 -0.0115258 -0.0269487 0.00818067 0.0187284 0.00977165 -0.0541895 0.0332839 -0.00824083 0.0962395 -0.0556132 -0.0257286 0.059731 0.0282441 0.0123693 0.0157587 -0.0133435 -0.000558827 -0.0373463 0.0579704 0.0298164 0.114134 0.0267191 0.00312571 0.0210086 -0.0169263 -0.0316556 -0.0529381 -0.0633964 -0.0398577 0.115472 0.0473527 -0.00658447 0.0335965 0.0328031 0.00278068 -0.0621451 -0.0369804 0.00271026 -0.0122163 0.0297435 -0.0241176 0.0332077 0.0153684 -0.00124507 0.0102175 0.0552767 0.0132097 0.0478408 0.0409484 -0.0170567 -0.00213824 0.0272351 0.0781207 0.0136101 0.0185481 0.017938 -0.088115
0.0433785 -0.0280286 0.052856 0.0525191 0.113233 0.0325586 0.036137 0.00846615 0.050052 0.0285029 0.0561851 0.0447449 0.0821435 0.0998388 0.0336855 0.0493724 -0.00422018 0.0265823 0.000927925 0.0432708 0.055784 0.025957 0.0328366 0.0267338 0.0259647 -0.0375684 0.107058 -0.0528084 0.0495725 0.0939861 0.0455951 0.0786393 0.0100773 -0.028587 -0.0222927 0.0214178 0.0223053 0.0252643 0.00448142 0.0187884 0.0329337 0.0148131 -0.0642461 0.00137236 0.0261554 0.0881182 0.0793534 0.0759457 -0.0115743 -0.067367 -0.0289628 0.0188468 0.0383289 -0.0510932 0.142715 0.0631816 0.0440865 0.0565144 0.0686224 0.0839385 -0.0092489 0.0417484 0.0244289 0.032526 0.00322313 0.0127444 -0.0472444 -0.0348944 -0.00734403 -0.0588739 -0.0415424 -0.0424517 0.000693611 0.0489144 0.0603554 0.0725784 0.0457246 -0.0184426 -0.00663365 0.0534976 0.0587566 -0.0051755 0.0999857 0.0695977 0.0698155 0.0575141 0.0781387 0.0264012 0.00874537 0.0544687 0.035033 0.0645118 0.0266778 -0.00186623 -0.0649062 -0.0608753 -0.0189945 -0.0111443 -0.00210847 -0.0246862 -0.0165903 0.0489866 0.0330622 -0.0154621 -0.019418 -0.079601 -0.0699352 -0.119231 0.0432001 0.0329721 0.0690858 0.013707 0.028711 0.0552246 -0.0642937 -0.0865669 -0.0625312 0.0106774 0.00408349 0.0176449 -0.0385836 -0.00606901 -0.0682309 -0.123049 -0.0888531 -0.0794606 -0.00285901 0.0422922
0.051947 0.0889084 -0.0419344 -0.0248513 -0.042239 -0.113881 -0.0934958 -0.0283836 0.0745383 -0.0229975 0.047519 -0.0583796 -0.0190524 -0.00188373 -0.0385661 -0.0215755 -0.0697589 0.0132591 -0.0154626 0.0439154 -0.0333401 0.0183937 -0.0828027 -0.101346 -0.136222 -0.0314437 0.0428395 0.0294097 0.0346252 0.0248121 0.0512434 -0.00995576 -0.097228 -0.226602 -0.197992 -0.045656 0.00730538 0.0342806 0.0308107 -0.0326242 -0.0559318 -0.0603563 -0.0254981 0.0283675 -0.00182628 0.0215336 0.0217113 0.0170903 0.0538469 -0.0568002 -0.0856696 -0.156958 -0.0898892 -0.0587387 -0.0141545 0.0271888 -0.0438587 0.0502126 0.0428946 0.0101958 -0.0982478 -0.242937 -0.205978 -0.0617232 0.0457708 0.0340912 0.0777992 -0.0248834 -0.144385 -0.0718457 -0.0545435 0.0257652 0.0252196 0.0274995 0.0220432 0.0371314 -0.0216702 -0.0564771 -0.118377 -0.104914 -0.0611293 -0.00739359 -0.0178134 0.0417934 -0.0377574 0.0396371 0.101892 0.13145 0.128323 -0.0522988 -0.170625 -0.0836136 0.0163752 0.0678782 0.10256 -0.0991771 -0.184141 0.0134247 0.0639931 0.0413425 0.0367519 0.0985919 0.0912917 0.0807928 -0.0456373 -0.0705292 -0.0832769 -0.0554806 -0.0448415 -0.00391563 0.0566146 0.00506762 0.0170293 0.0569709 0.10508 0.137311 0.162412 0.0145178 -0.151943 -0.0370631 -0.0742287 -0.0613824 0.00523478 -0.125291 -0.0756134 0.0569129 -0.00219969 0.0788371
0.0750604 0.0707803 0.111094 0.0877682 -0.00967025 -0.0254502 -0.0353578 -0.0189869 -0.0111618 0.0616899 0.100305 0.120897 0.0425016 0.0539677 0.084855 0.0225067 0.0343787 0.0766077 -0.106223 -0.0601199 -0.0169437 -0.0351119 0.000433765 -0.00658359 -0.113911 0.0173936 -0.0271075 0.110976 0.0925208 0.0852099 0.116377 0.070339 0.00435788 -0.0073056 0.0171816 0.0286981 0.044911 0.130593 0.0773561 0.0574583 0.0619604 0.0124457 0.0810273 -0.0040921 -0.0591606 0.0735562 -0.0622779 -0.0736666 0.0788731 -0.0579533 -0.0851683 -0.0961309 -0.123929 -0.0401166 0.0295833 0.100738 0.111343 0.143354 0.0561636 0.067843 0.0919017 0.00572058 0.0574264 0.115235 0.0981491 0.124567 0.0879365 0.0720033 0.0601 0.0460068 0.0170091 -0.0503692 -0.0319149 0.0908392 -0.111427 -0.104986 -0.0190899 -0.0816908 0.0611739 -0.100242 -0.148591 -0.0652036 -0.0135379 0.0793063 0.129492 0.0941123 0.0527705 0.0568929 0.0333569 0.022212 0.123276 0.130883 0.1026 0.10744 0.0960517 0.00597178 0.0883698 0.0633864 0.0240034 0.0135578 0.0368778 0.106008 -0.0664606 -0.108854 -0.0502213 -0.0817865 0.00511379 -0.0582183 -0.0989226 -0.110967 -0.0119664 0.0529483 0.0851744 0.0728708 0.032813 0.0211123 0.0696569 0.0798105 0.0387714 0.0806041 0.0889895 0.0523273 0.0149663 -0.0153675 0.0440079 0.00567419 0.00661233 -0.0164063
-0.0252557 0.00521843 0.00042799 -0.0601331 -0.0293111 -0.0327496 -0.0056179 -0.0452138 -0.0386975 -0.0533945 0.0149476 0.0737636 0.0209165 0.046324 0.017021 0.0382446 0.0419072 -0.0112609 0.089244 0.0641579 0.013471 -0.0191074 -0.0189733 -0.0577436 -0.0494018 -0.0461314 -0.0289217 -0.108043 -0.10045 -0.0657185 -0.0495712 -0.0139913 0.0343283 0.0627465 0.0501147 -0.0154338 -0.059809 -0.0625174 -0.0983494 0.0240856 0.0117542 0.00538908 0.071464 0.0617262 0.0678335 0.0261687 0.0273531 0.0696035 -0.0227094 -0.0802181 -0.0450789 -0.0757359 -0.0358963 -0.00998398 -0.0798986 -0.149055 -0.144361 -0.113771 -0.0328937 0.00783981 -0.0314062 -0.00512374 -0.0255589 -0.0262365 -0.106904 -0.0853054 -0.120553 -0.0365493 -0.00786386 0.0971289 0.0580615 0.0784858 0.0840049 0.0718006 0.0300564 0.05373 -0.0544933 -0.0600235 -0.0931269 -0.113623 -0.0888134 -0.0635641 -0.0170006 -0.0592904 -0.145474 -0.125134 0.0290914 0.0244618 -0.0411236 -0.0677665 0.00676303 -0.0981592 -0.10103 -0.121205 -0.0644997 -0.00203805 0.04272 0.0286862 0.129374 0.10117 0.0963732 0.0904625 0.0457797 0.0586338 -0.0539345 -0.0958244 -0.115376 -0.0602297 -0.127107 -0.0103851 -0.00435103 -0.156665 -0.112328 -0.0701385 -0.0417368 0.0393929 -0.034574 -0.0253826 -0.0317945 -0.106435 -0.113737 -0.1367 -0.0214638 0.0785469 0.0551352 0.0583495 0.0716595 0.092002
0.0636238 0.0797049 0.0972758 0.0146914 -0.0167702 -0.0686772 -0.0573614 -0.0682873 -0.0938429 -0.0489735 -0.065283 -0.100966 -0.173083 -0.043319 -0.0987736 -0.000408079 -0.00832894 -0.0287567 -0.0104636 -0.0938147 -0.141729 -0.0632265 -0.0181519 -0.0730715 -0.0392175 0.0390043 -0.0164168 0.00170349 0.0096298 0.0436082 0.0189329 0.0492995 0.0419374 -0.120963 -0.147296 -0.102925 -0.124452 -0.066827 -0.104973 -0.111198 -0.0648543 0.0403515 -0.0201287 0.013791 -0.00181542 0.0252179 -0.0398225 0.0162584 0.0185009 -0.0997134 -0.071221 -0.133918 -0.156876 -0.10881 -0.063909 -0.0192128 -0.137824 -0.0553248 -0.0445209 -0.0131198 -0.0087438 -0.101995 -0.158215 -0.235388 -0.252719 -0.178669 -0.116418 -0.130887 -0.104733 0.013257 0.0291983 0.00507789 -0.00578737 -0.0110811 0.0263006 -0.0202269 -0.0324228 -0.0842016 -0.0794326 -0.0389426 -0.0307879 -0.124692 -0.10479 -0.156282 -0.129722 -0.0939456 -0.146161 -0.0893423 -0.159645 -0.162409 -0.119502 -0.173085 -0.190364 -0.0847276 -0.0225653 -0.059123 -0.00964788 -0.00839783 -0.00313567 0.0164858 0.019628 0.0269047 0.00826765 0.0242617 0.100567 0.0387259 -0.0242319 -0.0541575 -0.0656736 -0.0402697 -0.0264995 -0.076836 -0.0490828 0.0214888 -0.0958688 -0.0103197 -0.00777249 0.039691 0.0114746 -0.0515607 -0.0389721 0.0575664 0.0719037 0.074663 0.0300166 -0.0130856 0.0198935 -0.00712888
-0.0174988 -0.000377749 -0.0155192 0.00545786 0.0137871 0.0156124 -0.0241467 0.0239931 -0.00234977 0.0158966 0.0168499 0.0116856 -0.00144487 -0.0478101 -0.0494807 -0.0583127 -0.0111382 -0.0350224 0.0201509 0.0346639 -0.030285 0.00898725 -0.0117753 -0.0229784 -0.0195489 -0.0196193 -0.0161035 0.0316111 0.0346697 -0.00216014 -0.0174331 0.0205252 0.0486204 -0.0383681 -0.0681258 -0.0352047 -0.0437524 0.0218286 0.0405854 0.0319851 0.056199 0.107374 0.0185594 -0.00716096 -0.0654305 -0.0394322 0.042051 0.0422382 -0.0295143 -0.0100437 -0.0353352 -0.0658308 -0.023056 -0.0128615 -0.000825418 -0.0352105 -0.0109977 -0.0276002 -0.0575984 0.0287255 0.00622725 0.00549484 0.00871257 0.00119505 2.79055e-05 -0.0247135 0.00165113 0.0290957 0.0139917 -0.0238336 0.0532899 -0.0507885 -0.0844789 -0.0587095 -0.048702 -0.0134654 0.0501822 0.0540047 0.0894033 0.0123064 -0.0534191 -0.0648768 0.034712 0.00887856 -0.0201967 0.0218629 -0.0935339 0.0484865 -0.0236714 0.0989951 0.0103578 0.0382562 -0.00802851 -0.00138846 -0.00752454 0.0829818 0.0377134 0.0471944 0.0823364 0.0553685 0.0132967 0.0652004 0.0319603 0.0401347 0.110146 0.0359071 0.00924519 0.0340171 0.0197729 -0.0562126 0.033669 0.00994715 -0.00849594 0.000815522 -0.0426849 0.0255515 0.0748723 0.119696 0.0113075 0.0703342 0.0378395 -0.0087568 0.0426676 0.0262975 0.0274369 0.0728471 0.0630431 0.0794841
0.0770794 0.0660446 0.0665929 0.0705124 0.0922176 0.088864 0.122427 0.0669779 0.094598 0.0169796 -0.0475123 0.00777993 0.0317504 -0.00277016 -0.0529817 0.0632999 0.0837536 0.00656652 0.00926888 0.043207 -0.0165667 0.0251237 0.0125087 -0.0594949 -0.0183566 -0.0376162 -0.0100162 0.0191309 0.0682075 0.0038753 0.05721 0.0593516 0.0598072 0.0424447 0.101482 0.158348 0.106605 0.0227943 -0.00563677 0.0413408 0.00673794 0.0672049 -0.0593696 -0.051246 0.0531518 0.0833025 0.0223085 0.0304707 -0.00531438 -0.0200895 -0.0428515 -0.0706854 -0.0856495 -0.0241472 -0.0166597 -0.0816514 -0.0782537 -0.0145417 -0.0425283 -0.0350987 -0.0189829 0.0443786 0.0774993 0.0997742 0.094749 -0.0511255 0.00634198 -0.0102763 -0.0339439 0.0830558 -0.0730872 -0.00179981 0.143822 0.135428 0.025089 0.00941237 -0.0486267 -0.0559494 -0.0661632 -0.0884019 -0.0701429 -0.029768 -0.0672081 -0.071694 -0.103564 -0.0499443 -0.00215455 0.0252561 -0.00264838 -0.0115278 0.0410223 0.0723753 0.0631708 0.0258627 0.0289581 -0.0206483 0.0353265 0.00250604 0.0611079 0.0429512 0.143924 0.0933749 -0.0230447 -0.0404159 -0.108815 -0.0555619 -0.0915436 -0.047289 -0.0377652 -0.0270047 -0.0336664 -0.038916 -0.0288138 -0.0283399 -0.000581114 0.00291376 0.0512722 0.00622361 0.010805 0.0295486 -0.000477867 0.00346137 -0.0132136 -0.0969011 -0.057478 -0.0144004 -0.0108578 0.0221326
0.0326985 -0.00127028 -0.0910648 -0.103339 -0.117328 -0.114231 -0.106037 -0.119805 -0.0561257 -0.0549954 -0.0623176 -0.0637786 -0.0331218 0.00169282 0.0567488 0.06705 0.0546166 0.0754493 0.000817791 0.00140919 -0.062851 -0.0831205 -0.129301 -0.060557 -0.0442488 0.0118389 -0.0379407 -0.0229889 -0.0239719 -0.11934 -0.102327 -0.0940602 -0.0956493 -0.072604 -0.112006 -0.0521744 -0.056976 0.0634502 -0.0264273 -0.0403941 -0.00312437 0.00900639 0.0252309 -0.0038424 0.0018557 -0.0426981 -0.0112311 -0.109417 -0.0836517 -0.0895224 -0.111037 -0.0407609 0.00530662 -0.0227307 -0.0894853 -0.0577038 -0.0726486 -0.100491 -0.0702577 -0.129396 -0.0619197 -0.0149398 0.0156947 0.0391509 0.057498 0.0573153 0.0342876 0.0154706 0.0187688 0.0534523 -0.0370676 -0.0441949 -0.0707523 -0.124444 -0.066236 -0.121807 -0.123726 -0.150575 -0.11915 -0.0227097 -0.0108148 -0.0457085 -0.0622848 -0.0755495 -0.135161 -0.092242 -0.0174596 -0.0134058 0.0255567 0.0458966 0.129765 0.139175 0.191003 0.109015 0.0644927 0.017835 -0.00211135 0.0214857 -0.0133593 -0.0362567 -0.128084 -0.0654052 -0.0682349 -0.0415218 -0.0575484 -0.0634135 -0.142005 -0.106592 -0.0143836 -0.0362033 -0.096139 -0.0968712 -0.0698289 0.00672944 0.0985222 0.0793303 0.0682832 0.143674 0.140706 0.109101 0.0993321 0.0233879 -0.0225068 -0.0296046 0.0236244 -0.00373098 0.0247296 -0.0462449
